function y = fcn(lindis)
x = lindis*100 -8;
y = 0.003217 * x.^2 - 0.06644.* x + 1.296;
end